M11;M12;M13;M14;M21;M22;M23;M24;M31;M32;M33;M34;M41;M42;M43;M44
-1;-5.69297232205498E-16;-1.22464685259992E-16;-241.9999847;5.69297232205498E-16;-1;1.22464685259754E-16;-52.9999971390001;-1.22464685259992E-16;1.22464685259754E-16;1;-33.00000115;0;0;0;1;
-0.999999922878253;6.8314535908519E-12;3.92738446768775E-04;-242.009970980465;-6.83147106686841E-12;-1;-4.31563593278907E-14;-52.9999971389255;3.92738446768775E-04;-4.58393373355441E-14;0.999999922878253;-32.9999990871411;0;0;0;1;
-0.999999023210978;-2.15477586362758E-09;1.39770422145244E-03;-242.036192720054;2.15477425421227E-09;-1;-2.65733986283233E-12;-52.9999971924729;1.39770422145244E-03;3.5439980421761E-13;0.999999023210978;-32.999980681271;0;0;0;1;
-0.999995837371096;-6.38709112273681E-09;2.88534928228723E-03;-242.075129890036;6.3869573420582E-09;-1;-5.5579826276544E-11;-52.9999974897865;2.88534928228723E-03;-3.71509921354459E-11;0.999995837371096;-32.999890813173;0;0;0;1;
-0.999988969701821;-1.59905518047453E-08;4.69685795927588E-03;-242.122296867277;1.59898576312039E-08;-1;-1.85346554316028E-10;-52.9999981149356;4.69685795927588E-03;-1.10242419805459E-10;0.999988969701822;-32.9997007098164;0;0;0;1;
-0.999977717731453;-2.57555789238001E-08;6.67563035182867E-03;-242.173570091665;2.57527298628638E-08;-0.999999999999999;-5.12744115320816E-10;-52.9999994130872;6.67563035182868E-03;-3.40816985103765E-10;0.999977717731453;-32.9994220195605;0;0;0;1;
-0.999962124340925;-4.13975814334236E-08;8.70344090468175E-03;-242.226879828911;4.13896389340632E-08;-0.999999999999999;-1.09268958311737E-09;-53.0000017834485;8.70344090468179E-03;-7.3241592025051E-10;0.999962124340926;-32.9990160460479;0;0;0;1;
-0.999942384214667;-5.92410541374977E-08;1.07344422809747E-02;-242.279096806617;5.92238095435391E-08;-0.999999999999998;-1.92434965087487E-09;-52.9999996387414;1.07344422809748E-02;-1.28850421275391E-09;0.999942384214669;-32.9985001658936;0;0;0;1;
-0.999918618703351;-8.20857778354831E-08;1.27575848174693E-02;-242.331502277391;8.20494043962256E-08;-0.999999999999997;-3.37452008293175E-09;-52.9999994038825;1.27575848174696E-02;-2.32749322430415E-09;0.999918618703355;-32.9978813609478;0;0;0;1;
-0.999891116793122;-1.09476309911706E-07;1.47565090109988E-02;-242.383772474208;1.09402977460973E-07;-0.999999999999994;-5.77674554986341E-09;-53.0000016722882;1.47565090109994E-02;-4.16171053654967E-09;0.999891116793128;-32.9971594757642;0;0;0;1;
-0.999860680960194;-1.34626871652082E-07;1.66918743644976E-02;-242.434024252598;1.34500156597098E-07;-0.999999999999991;-8.71402962168412E-09;-53.000000998972;1.66918743644986E-02;-6.46775587552038E-09;0.999860680960203;-32.9963611406465;0;0;0;1;
-0.99982881505645;-1.58106247259155E-07;1.85024480215304E-02;-242.480517388623;1.5790282908939E-07;-0.999999999999987;-1.24550414290641E-08;-52.9999977912442;1.85024480215321E-02;-9.53132042582112E-09;0.999828815056463;-32.9955412815522;0;0;0;1;
-0.999797124958686;-1.73351613438365E-07;2.01422174627233E-02;-242.523052424945;1.7325931827079E-07;-0.999999999999985;-6.32726556353458E-09;-52.9999987480094;2.01422174627241E-02;-2.83615505321852E-09;0.999797124958701;-32.9947018002734;0;0;0;1;
-0.999766963057145;-1.76561535872515E-07;2.15874866407108E-02;-242.56120244526;1.76589703694038E-07;-0.999999999999985;-6.01464328806456E-10;-52.9999972184408;2.15874866407106E-02;3.21080370398409E-09;0.99976696305716;-32.9939374749376;0;0;0;1;
-0.99973922956745;-1.74218596228327E-07;2.28357803424932E-02;-242.593254329186;1.74146612598859E-07;-0.999999999999985;-5.14087608128515E-09;-52.999998658754;2.28357803424937E-02;-1.16276170010895E-09;0.999739229567466;-32.9931832507446;0;0;0;1;
-0.999714365896179;-1.59236506505972E-07;2.38995108898637E-02;-242.621139178895;1.59127260858583E-07;-0.999999999999987;-6.4728445970317E-09;-52.9999971116108;2.38995108898644E-02;-2.66793202810217E-09;0.999714365896192;-32.9925662245186;0;0;0;1;
-0.999692475743342;-1.33828549001031E-07;2.47982649016116E-02;-242.644754397918;1.33713921176681E-07;-0.999999999999991;-6.28060467866951E-09;-52.9999979334249;2.47982649016122E-02;-2.9628000020118E-09;0.999692475743351;-32.9920110209071;0;0;0;1;
-0.999673467632435;-1.02022534475404E-07;2.55530450579202E-02;-242.664829888095;1.01698884395396E-07;-0.999999999999995;-1.39653828613656E-08;-52.9999998745047;2.55530450579215E-02;-1.13621065365401E-08;0.99967346763244;-32.9915507122495;0;0;0;1;
-0.999657116824105;-6.02590306371796E-08;2.61848960837078E-02;-242.680648540505;5.98193164976762E-08;-0.999999999999998;-1.75759787341723E-08;-52.9999966279007;2.61848960837088E-02;-1.60035896404744E-08;0.999657116824106;-32.9910645638906;0;0;0;1;
-0.999643052526931;-1.13431108691196E-08;0.026716428178906;-242.694638309134;1.09106324447537E-08;-1;-1.63335062652989E-08;-52.999998922401;2.67164281789062E-02;-1.60361829334145E-08;0.999643052526931;-32.9907266279445;0;0;0;1;
-0.999630747742237;3.73667926022685E-08;2.71729308005935E-02;-242.70637793582;-3.77812990083648E-08;-0.999999999999999;-1.47409780371464E-08;-52.9999996642906;2.71729308005929E-02;-1.57621635212354E-08;0.999630747742238;-32.9903992066872;0;0;0;1;
-0.999619749929472;8.97765492219367E-08;2.75745453440532E-02;-242.717233927979;-9.00655974671774E-08;-0.999999999999996;-9.2404350560577E-09;-52.9999980620215;2.75745453440523E-02;-1.17204392812738E-08;0.999619749929476;-32.9901602949753;0;0;0;1;
-0.999609730507685;1.31324627409589E-07;2.79354018109095E-02;-242.726689141144;-1.31683491056702E-07;-0.999999999999991;-1.10065214022904E-08;-52.9999987118084;2.79354018109078E-02;-1.46808571273028E-08;0.999609730507693;-32.989906966324;0;0;0;1;
-0.999600506642129;1.72428193818835E-07;0.028263529870995;-242.734701988456;-1.72847280461289E-07;-0.999999999999985;-1.23846987118531E-08;-53.0000013025593;2.82635298709925E-02;-1.72650253814164E-08;0.999600506642144;-32.9895757924569;0;0;0;1;
-0.999591973518052;2.07165873400289E-07;2.85637266168761E-02;-242.743295581091;-2.07494066659825E-07;-0.999999999999979;-8.52585479350121E-09;-52.9999994198711;2.85637266168738E-02;-1.44491798136593E-08;0.999591973518073;-32.9894904106407;0;0;0;1;
-0.999584075512497;2.33089811329131E-07;2.88387930012999E-02;-242.749831727018;-2.33478940778852E-07;-0.999999999999973;-1.01259383819884E-08;-52.9999980510726;2.88387930012967E-02;-1.68549775995404E-08;0.999584075512524;-32.9891952093258;0;0;0;1;
-0.999576765748935;2.55610265130433E-07;2.90910531750458E-02;-242.756824804115;-2.56110644775188E-07;-0.999999999999967;-1.34744124069162E-08;-52.9999971008183;2.90910531750414E-02;-2.09192379599229E-08;0.999576765748968;-32.9890870547931;0;0;0;1;
-0.999570000322761;2.74727953934232E-07;2.93225929051433E-02;-242.762913783048;-2.75153002502419E-07;-0.999999999999962;-1.0460632418235E-08;-52.9999964942013;2.93225929051394E-02;-1.85243338286778E-08;0.999570000322799;-32.9889261837716;0;0;0;1;
-0.999563734219156;2.89115831408404E-07;2.95354233721604E-02;-242.768149901081;-2.89667440862364E-07;-0.999999999999958;-1.4397540754411E-08;-53.0000013970312;0.029535423372155;-2.29467101030517E-08;0.999563734219198;-32.9887060759133;0;0;0;1;
-0.999557925339847;2.97935364842479E-07;2.97313620645402E-02;-242.773237697338;-2.98547435140543E-07;-0.999999999999955;-1.61475966390555E-08;-53.0000002011049;2.97313620645341E-02;-2.50166800833623E-08;0.999557925339891;-32.9885644446649;0;0;0;1;
-0.999552531469996;3.04256183695758E-07;2.99121519090644E-02;-242.778059924329;-3.04752216197254E-07;-0.999999999999954;-1.2024058864319E-08;-52.9999990339473;2.99121519090593E-02;-2.11344730618906E-08;0.999552531470042;-32.9884605025663;0;0;0;1;
-0.999547511077574;3.05950443179879E-07;3.00794464465816E-02;-242.781688590616;-3.06537262258682E-07;-0.999999999999953;-1.48976931517086E-08;-52.9999972130034;3.00794464465756E-02;-2.41114232745795E-08;0.999547511077621;-32.98816577556;0;0;0;1;
-0.999538430792539;2.94837082014514E-07;3.03796867775396E-02;-242.789529798385;-2.95437123270838E-07;-0.999999999999956;-1.52627175154806E-08;-52.9999994568993;3.03796867775337E-02;-2.42309599824787E-08;0.999538430792583;-32.9879007230911;0;0;0;1;
-0.999530365102602;2.72036479079263E-07;3.06439102887593E-02;-242.796403690143;-2.72838257500283E-07;-0.999999999999963;-2.1982966521415E-08;-52.9999965491196;3.06439102887522E-02;-3.03334736393682E-08;0.999530365102639;-32.9876898171465;0;0;0;1;
-0.999523000244217;2.35040974330547E-07;3.08831990367596E-02;-242.802864999674;-2.35846865093016E-07;-0.999999999999972;-2.24520738476495E-08;-52.9999978523445;3.08831990367535E-02;-2.97250698907707E-08;0.999523000244244;-32.9875859942586;0;0;0;1;
-0.999516020427067;1.84858137953831E-07;3.11082771879988E-02;-242.809136613221;-1.85649848813672E-07;-0.999999999999982;-2.2561844908945E-08;-53.0000009327359;3.11082771879941E-02;-2.8326172393687E-08;0.999516020427083;-32.9875248319331;0;0;0;1;
-0.999509106644773;1.20247157943558E-07;3.13296302907076E-02;-242.814600527994;-1.21194342773246E-07;-0.999999999999992;-2.83339229953956E-08;-52.9999985993066;3.13296302907039E-02;-3.21169880132808E-08;0.99950910664478;-32.9872613179082;0;0;0;1;
-0.999501920966991;4.40157200038594E-08;3.15580414996374E-02;-242.820271606466;-4.49044860409915E-08;-0.999999999999999;-2.74541769062914E-08;-52.9999973863831;3.15580414996361E-02;-2.88576001904077E-08;0.999501920966992;-32.9869655663724;0;0;0;1;
-0.999494045351283;-4.39770689999667E-08;3.18064978789785E-02;-242.827555197538;4.30005027511059E-08;-0.999999999999998;-3.13873774133971E-08;-52.9999977836311;3.18064978789798E-02;-3.00038014243356E-08;0.999494045351284;-32.9871023745563;0;0;0;1;
-0.999484967654966;-1.27289503306882E-07;3.20904881816407E-02;-242.833772467771;1.26345769769859E-07;-0.999999999999992;-3.1436283842154E-08;-53.0000011613111;3.20904881816444E-02;-2.73655957075676E-08;0.999484967654973;-32.9863557694607;0;0;0;1;
-0.999479902758383;-1.66818670000682E-07;3.22478523636254E-02;-242.83781138079;1.65790291702363E-07;-0.999999999999986;-3.45637085890132E-08;-52.9999990404083;3.22478523636308E-02;-2.91993512493758E-08;0.999479902758396;-32.9862045927384;0;0;0;1;
-0.999474483713019;-1.99755336475589E-07;3.24153729972872E-02;-242.843588791797;1.98788875480212E-07;-0.999999999999979;-3.30376512155931E-08;-53.0000014306446;3.24153729972931E-02;-2.65764738453934E-08;0.999474483713039;-32.9866845088136;0;0;0;1;
-0.999468718039149;-2.29890493451297E-07;3.25926626885049E-02;-242.847605623416;2.2885558479882E-07;-0.999999999999973;-3.5483308233111E-08;-52.9999966138444;3.25926626885121E-02;-2.80054437118071E-08;0.999468718039175;-32.9863042995512;0;0;0;1;
-0.999462617144911;-2.58278297530873E-07;3.27792149048644E-02;-242.85272990426;2.57362492534262E-07;-0.999999999999967;-3.21577923904705E-08;-52.9999974988782;3.27792149048716E-02;-2.37043708929501E-08;0.999462617144943;-32.9862811456633;0;0;0;1;
-0.99945619058471;-2.83413487497091E-07;3.29745826633028E-02;-242.856948488581;2.82430730154689E-07;-0.99999999999996;-3.44612650361186E-08;-52.9999980174474;3.29745826633112E-02;-2.51294892175864E-08;0.99945619058475;-32.985684386068;0;0;0;1;
-0.999449442087338;-3.02808479096817E-07;3.31784977239281E-02;-242.863749211225;3.0166234304499E-07;-0.999999999999954;-3.95502729703725E-08;-52.9999986923821;3.31784977239385E-02;-2.95197948925276E-08;0.999449442087383;-32.9863105403319;0;0;0;1;
-0.999442377367492;-3.20495965030531E-07;3.33906322478887E-02;-242.868495282049;3.19494304154057E-07;-0.999999999999949;-3.53338062799328E-08;-53.000000421693;3.33906322478984E-02;-2.46459865345552E-08;0.999442377367543;-32.9857463927865;0;0;0;1;
-0.999435007216739;-3.32209565566821E-07;3.36105095106682E-02;-242.873373835489;3.31577643616833E-07;-0.999999999999945;-2.43751415146769E-08;-52.9999972508921;3.36105095106742E-02;-1.32168761913217E-08;0.999435007216794;-32.9850761733496;0;0;0;1;
-0.999427330558714;-3.42910029446269E-07;3.38380101685439E-02;-242.879170355745;3.42219526963051E-07;-0.999999999999941;-2.61977918939404E-08;-53.0000004766783;3.38380101685509E-02;-1.46027613858436E-08;0.999427330558772;-32.9847826519062;0;0;0;1;
-0.999419356402986;-3.54645730978954E-07;3.40727170462773E-02;-242.886694533756;3.53730744529164E-07;-0.999999999999937;-3.28819665342175E-08;-52.9999986698679;3.40727170462868E-02;-2.08103062619809E-08;0.999419356403048;-32.9853584348766;0;0;0;1;
-0.999411081716921;-3.55150694932951E-07;3.43145703934813E-02;-242.891460891149;3.54519225390934E-07;-0.999999999999937;-2.44867525921478E-08;-52.9999986534628;0.034314570393488;-1.23071569803334E-08;0.999411081716983;-32.9842558402406;0;0;0;1;
-0.999402511612324;-3.54407903063319E-07;3.45632721664796E-02;-242.899592964988;3.53918663009953E-07;-0.999999999999937;-2.02730326370422E-08;-52.9999995056482;3.45632721664846E-02;-8.02833266104901E-09;0.999402511612386;-32.9850279409711;0;0;0;1;
-0.999393645125922;-3.53535515105019E-07;3.48187030459003E-02;-242.905394626001;3.52730227535287E-07;-0.999999999999937;-2.92706842373461E-08;-53.0000007429483;3.48187030459083E-02;-1.69713267674272E-08;0.999393645125984;-32.9842525287258;0;0;0;1;
-0.999384487552519;-3.44905187090298E-07;3.50805649793368E-02;-242.91231947589;3.4406231207641E-07;-0.999999999999941;-3.00636449350475E-08;-52.9999971917469;3.50805649793452E-02;-1.79752400916359E-08;0.999384487552579;-32.9840645012946;0;0;0;1;
-0.999375029621049;-3.33227425662035E-07;3.53489769274261E-02;-242.919844205839;3.32777970415118E-07;-0.999999999999945;-1.85983210355584E-08;-53.0000006043065;3.53489769274303E-02;-6.82333683765326E-09;0.999375029621105;-32.9842855996831;0;0;0;1;
-0.999365276669608;-3.19075389489852E-07;3.56236408439281E-02;-242.9263839178;3.18473814702256E-07;-0.999999999999949;-2.25613533274732E-08;-52.9999975343253;3.56236408439334E-02;-1.12018363170022E-08;0.999365276669658;-32.9836572013619;0;0;0;1;
-0.999355217121878;-2.9998482426445E-07;3.59047352196689E-02;-242.934031743922;2.99239516532007E-07;-0.999999999999955;-2.61317133633422E-08;-53.0000000889081;0.035904735219675;-1.5370748473646E-08;0.999355217121923;-32.9836476394858;0;0;0;1;
-0.999344854179121;-2.73304746889683E-07;3.61920215743147E-02;-242.941201115122;2.72950033640078E-07;-0.999999999999962;-1.47417939157601E-08;-53.0000023754619;3.61920215743174E-02;-4.8535223848723E-09;0.999344854179159;-32.9830567837807;0;0;0;1;
-0.999334178149824;-2.45440415710355E-07;3.64856188320256E-02;-242.948653715643;2.45123914695279E-07;-0.99999999999997;-1.31479165991967E-08;-52.9999967930281;3.64856188320278E-02;-4.19566471085466E-09;0.999334178149854;-32.9826233004233;0;0;0;1;
-0.999323174700648;-2.08618327494303E-07;3.67857649937325E-02;-242.955992181007;2.08369714880073E-07;-0.999999999999978;-1.05922089412046E-08;-53.0000008949687;3.67857649937337E-02;-2.92000050282759E-09;0.99932317470067;-32.9821137601202;0;0;0;1;
-0.999311842349171;-1.70811376508323E-07;3.70923407279106E-02;-242.964268296339;1.7086634707786E-07;-0.999999999999985;-1.68801464783584E-09;-53.0000021728196;3.70923407279103E-02;4.65097973710425E-09;0.999311842349186;-32.9819872316402;0;0;0;1;
-0.99930014619205;-1.27400661514325E-07;3.74061200945822E-02;-242.97297271459;1.27386282853068E-07;-0.999999999999992;-2.76774057637799E-09;-52.9999989366253;3.74061200945821E-02;1.99922303220809E-09;0.999300146192059;-32.9822069833499;0;0;0;1;
-0.999287987242002;-8.15614297577801E-08;3.77295448398344E-02;-242.980842166726;8.13142003290714E-08;-0.999999999999997;-8.087194744703E-09;-53.0000023631697;0.037729544839835;-5.01348879143727E-09;0.999287987242006;-32.9813657428622;0;0;0;1;
-0.999275263110992;-3.50205777901298E-08;3.80650566065137E-02;-242.989952142674;3.48229918622935E-08;-0.999999999999999;-5.85375287701238E-09;-53.0000000339773;3.80650566065139E-02;-4.52397128991677E-09;0.999275263110992;-32.9814162003422;0;0;0;1;
-0.999261890642952;1.1111112605833E-08;3.84145012810739E-02;-242.999126772926;-1.11050136882444E-08;-1;3.72141551364748E-10;-52.9999970290005;3.84145012810738E-02;-5.47266923496911E-11;0.999261890642952;-32.9812174876333;0;0;0;1;
-0.999247841349697;5.44428501367308E-08;3.87782356221574E-02;-243.008501475966;-5.4282327159472E-08;-0.999999999999998;5.19239454709637E-09;-52.9999981494878;3.87782356221577E-02;3.08351616991306E-09;0.999247841349699;-32.9807139647219;0;0;0;1;
-0.999233120628536;9.06650256744443E-08;3.91557229399342E-02;-243.018085648662;-9.06531507337486E-08;-0.999999999999996;2.07875032919961E-09;-53.0000024360927;3.91557229399342E-02;-1.47243347530905E-09;0.99923312062854;-32.9801330564678;0;0;0;1;
-0.999217745889487;1.21918591198694E-07;3.95461287551381E-02;-243.028043255772;-1.21952870140814E-07;-0.999999999999992;1.54551643257999E-09;-52.9999978843958;0.039546128755138;-3.27845645864936E-09;0.999217745889494;-32.9795843366301;0;0;0;1;
-0.999201761513709;1.53041032934154E-07;3.99479635009916E-02;-243.038569644779;-1.52928941019365E-07;-0.999999999999988;5.86176767610941E-09;-53.0000019269521;3.99479635009921E-02;-2.52111166534248E-10;0.999201761513721;-32.9791647998281;0;0;0;1;
-0.999185209038957;1.74529671991762E-07;4.03598567607185E-02;-243.049611651786;-1.74705324798612E-07;-0.999999999999985;-8.25188442989234E-10;-53.0000014992438;4.03598567607176E-02;-7.87559797111158E-09;0.999185209038972;-32.9791270873593;0;0;0;1;
-0.999168136788683;1.92104559506764E-07;4.07803191036422E-02;-243.060238073211;-1.92447236132015E-07;-0.999999999999981;-4.47732762786449E-09;-52.9999970012422;4.07803191036405E-02;-1.23216628038034E-08;0.999168136788701;-32.9783297980885;0;0;0;1;
-0.99915060517067;2.05886256523124E-07;4.12076229239473E-02;-243.071325254163;-2.05954016124863E-07;-0.999999999999979;2.60089437410475E-09;-53.000000458178;4.12076229239468E-02;-5.88819024827431E-09;0.999150605170691;-32.9779870268158;0;0;0;1;
-0.999132679860118;2.13389223985654E-07;4.16399812138943E-02;-243.082032046674;-2.13335802249778E-07;-0.999999999999977;5.72651972379792E-09;-52.9999992511983;4.16399812138946E-02;-3.16174580002171E-09;0.999132679860141;-32.9766346301094;0;0;0;1;
-0.999114432035685;2.11198139862827E-07;4.20755475064358E-02;-243.094723602508;-2.11177081311904E-07;-0.999999999999978;4.94515749066661E-09;-52.999999432135;4.20755475064359E-02;-3.94461309939513E-09;0.999114432035707;-32.9778691005758;0;0;0;1;
-0.999095948718262;2.057831967445E-07;4.25121777225579E-02;-243.105362081289;-2.05930574353719E-07;-0.999999999999979;9.12543006451307E-10;-53.0000012765451;4.25121777225572E-02;-7.84283915465708E-09;0.999095948718283;-32.9765172452499;0;0;0;1;
-0.999077318105001;1.8781796306018E-07;0.042947787464346;-243.11722785784;-1.8802869426948E-07;-0.999999999999982;-8.67111894674378E-10;-52.9999994326036;0.042947787464345;-8.9417282249122E-09;0.999077318105019;-32.9769667921701;0;0;0;1;
-0.999058624267199;1.73025007393133E-07;0.04338047115123;-243.127344879731;-1.728484510738E-07;-0.999999999999985;7.82083844687548E-09;-53.0000006491331;4.33804711512307E-02;3.15228854009627E-10;0.999058624267213;-32.9746769982648;0;0;0;1;
-0.999040009390152;1.51204717655175E-07;0.043807072918666;-243.139171392266;-1.50948161111589E-07;-0.999999999999988;9.16439593146225E-09;-52.9999986912702;4.38070729186668E-02;2.54300109666926E-09;0.999040009390164;-32.9752025131111;0;0;0;1;
-0.999021686870898;4.76157314181807E-07;4.42229483571501E-02;-243.150181916144;-4.70525057631526E-07;-0.99999999999988;1.37769588370073E-07;-53.0000048635146;4.42229483572104E-02;1.16826801248595E-07;0.999021686871002;-32.9748754414595;0;0;0;1;
-0.999003840324216;5.56530553645399E-06;4.46242869578515E-02;-243.159890591183;-5.4777491103118E-06;-0.999999999982825;2.08436134592388E-06;-53.0000839235898;4.46242869686853E-02;1.83784434101964E-06;0.999003840337543;-32.9736137986256;0;0;0;1;
-0.998986621162449;2.31252695409519E-05;4.50081126426813E-02;-243.170078712121;-2.26450091952221E-05;-0.999999999681101;1.11803913095569E-05;-53.0004701450336;4.50081128868778E-02;1.01498522129552E-05;0.998986621367545;-32.9728830309341;0;0;0;1;
-0.99897022694422;6.0438018850623E-05;4.53704973111292E-02;-243.179651931059;-5.88038103020897E-05;-0.999999997573401;3.73538550763268E-05;-53.0015841382836;4.53704994586261E-02;3.46474309656446E-05;0.998970228074106;-32.9714602812019;0;0;0;1;
-0.998954884744166;1.24039563250262E-04;4.57069235450844E-02;-243.188353872749;-1.19816187787638E-04;-0.999999988296149;9.51408539309583E-05;-53.0040590540454;4.57069348113675E-02;8.9564991438389E-05;0.998954887914495;-32.9683638246352;0;0;0;1;
-0.998940893079849;2.19986435792571E-04;4.60113435883195E-02;-243.19591634835;-2.10830989545111E-04;-0.999999957000761;2.03835154916039E-04;-53.0087291890091;0.046011386450836;1.93918654593872E-04;0.998940896506108;-32.9615953277789;0;0;0;1;
-0.998928547982719;3.53699216268459E-04;4.62777583943072E-02;-243.203141914324;-3.36195788555211E-04;-0.999999868984982;3.86008303967141E-04;-53.0165827055486;4.62778888620605E-02;3.70036327115226E-04;0.998928536020264;-32.952454600545;0;0;0;1;
-0.998918196998511;5.30737151732035E-04;4.64989679812235E-02;-243.209372487762;-5.00328795384745E-04;-0.999999653327867;6.65593902225626E-04;-53.0286524316921;0.046499305116739;6.41609088107746E-04;0.998918116244489;-32.9384341906716;0;0;0;1;
-0.998910207852952;7.56854305106815E-04;4.66671599600001E-02;-243.213613203588;-7.07846159072614E-04;-0.99999918057335;1.06668010386222E-03;-53.0459784664073;4.66679290411145E-02;1.0324844743291E-03;0.99890992505572;-32.9175161752028;0;0;0;1;
-0.998904931052431;1.03800602952884E-03;4.67745792350933E-02;-243.216369219997;-9.63591333232775E-04;-0.999998234147058;1.61344182056513E-03;-53.0696153816421;4.67761714004029E-02;1.56660341136217E-03;0.998904167346834;-32.8890555010603;0;0;0;1;
-0.998902242284322;1.38010310489617E-03;4.68231318343222E-02;-243.217366836052;-1.27238992879819E-03;-0.999996475697882;2.3301535754897E-03;-53.1005938145516;4.68261826676438E-02;2.26801835004271E-03;0.998900477880324;-32.8515357525266;0;0;0;1;
-0.998900891968019;1.7888468401473E-03;4.68381047062909E-02;-243.21753081751;-1.63882416193016E-03;-0.999993404385415;3.24120981034952E-03;-53.1399524204704;4.68435938081318E-02;3.16088795292194E-03;0.998897235208151;-32.8027293521664;0;0;0;1;
-0.998899763339694;2.27013363318156E-03;4.68413203613018E-02;-243.21781069799;-2.06763010996223E-03;-0.999988308775146;4.37118047578926E-03;-53.1887395005428;0.046850695892708;4.26952061841157E-03;0.998892778774608;-32.7443989633375;0;0;0;1;
-0.998898203082524;2.8300774782439E-03;4.68441089142689E-02;-243.217421483669;-2.56373499376522E-03;-0.99998021192974;5.74482478709472E-03;-53.2479784122851;4.68594402589969E-02;5.61839927557759E-03;0.998885692383365;-32.6716265621362;0;0;0;1;
-0.998896117795812;3.47492321687587E-03;4.68451786323142E-02;-243.218152285873;-3.1322184120116E-03;-0.999967809379638;7.38711122890548E-03;-53.3186877144081;0.046869340301268;7.23222739725342E-03;0.998874846928582;-32.5876597245242;0;0;0;1;
-0.998893770155955;4.21095012306655E-03;4.68348571331496E-02;-243.217797539925;-3.77826229954955E-03;-0.999949399334431;9.32327757317782E-03;-53.4018982406872;0.046871747115051;9.13600951027109E-03;0.998859135540448;-32.4860491490417;0;0;0;1;
-0.998891630269875;5.04424191826915E-03;0.046798147402024;-243.216751129663;-4.50697397017935E-03;-0.999922804438162;1.15789615317218E-02;-53.4986228673868;4.68529418758707E-02;1.13552097290602E-02;0.998837254536286;-32.3670301409184;0;0;0;1;
-0.998890109407485;5.98051914481714E-03;4.67202602589196E-02;-243.214511147838;-5.32323613817648E-03;-0.999885285195541;1.41802541038161E-02;-53.6098719370866;0.046799706034546;1.39158125953916E-02;0.998807357639545;-32.2292288299668;0;0;0;1;
-0.998889476708773;7.02492286819558E-03;4.65882364891499E-02;-243.21131425548;-6.23150755220534E-03;-0.999833443780098;1.71538046059012E-02;-53.7366337429239;4.67009810828409E-02;1.68444399588271E-02;0.998766881313339;-32.0724544887034;0;0;0;1;
-0.998889817016997;8.18186161843667E-03;4.63917083130865E-02;-243.205927032016;-7.23567590209199E-03;-0.999763116506641;2.05269546491501E-02;-53.8799191851834;4.65486675855457E-02;2.01684906075079E-02;0.998712397806608;-31.8935569886125;0;0;0;1;
-0.99889092502841;9.45476022547109E-03;4.61251276959458E-02;-243.199248882815;-8.33876243081051E-03;-0.999669258930815;2.43277164945257E-02;-54.0406902260412;4.63398849481843E-02;2.39161087510984E-02;0.998639391775227;-31.6920652214467;0;0;0;1;
-0.998892313108506;1.08459407834221E-02;4.57876880969312E-02;-243.190169135021;-9.54274783704609E-03;-0.999545816095743;2.85849171629467E-02;-54.2199510032511;4.60769223848329E-02;2.81163136633606E-02;0.998542132375758;-31.4639621102888;0;0;0;1;
-0.998893143350783;1.23564691563889E-02;4.53850838577806E-02;-243.179844795491;-1.08482821955322E-02;-0.999385584691141;3.33281845432796E-02;-54.4186045752679;0.045769017251812;3.27989448234545E-02;0.998413454575944;-31.2104673024023;0;0;0;1;
-0.998892220470388;1.39860889883689E-02;4.49301813767545E-02;-243.168293916459;-1.22544310102009E-02;-0.999180061767092;3.85879914963938E-02;-54.6375609287432;4.54330364861832E-02;0.037994650701368;0.99824458211088;-30.9286421196248;0;0;0;1;
-0.998888161694444;1.57300816314807E-02;4.44410278747266E-02;-243.155447778972;-1.37554512689009E-02;-0.998919385259095;4.43942486588194E-02;-54.8777088693069;4.50913294002757E-02;4.37335830393434E-02;0.998025122793738;-30.6135619528068;0;0;0;1;
-0.998880218251668;1.75624267649391E-02;4.39302942356119E-02;-243.142261813549;-1.53245773386144E-02;-0.998592843610801;5.07689867801822E-02;-55.1393953563492;0.044760104053656;5.00389234038827E-02;0.997743774337724;-30.2667351295368;0;0;0;1;
-0.998868011130507;1.94470443546014E-02;4.34109295691349E-02;-243.128699671937;-0.016925431708445;-0.998189480992207;5.77173266705138E-02;-55.4223263506461;4.44547646677946E-02;5.69172425753233E-02;0.997388691231233;-29.8862092659838;0;0;0;1;
-0.998851202160688;2.13496980318858E-02;4.29006565928265E-02;-243.115272225924;-1.85236836752807E-02;-0.997698688870073;6.52242237978699E-02;-55.7252722184685;4.41944463167769E-02;6.43546161583128E-02;0.99694800982492;-29.4719098220121;0;0;0;1;
-0.998829480409753;2.32396319081066E-02;4.24215578822751E-02;-243.103034105211;-2.00884834492629E-02;-0.997111022496487;7.32534070792652E-02;-56.0460203036603;0.044001385172426;7.23154777678166E-02;0.996410733471956;-29.0276323133912;0;0;0;1;
-0.998802264223464;2.50982982916619E-02;0.042001338132793;-243.091958116775;-0.021600752104545;-0.996418898111662;8.17483149334596E-02;-56.3819146805395;4.39026706545337E-02;8.07431415589265E-02;0.99576759366862;-28.5512778917109;0;0;0;1;
-0.998767062265825;2.69565517694176E-02;4.16857247699598E-02;-243.083847413341;-0.023088527440544;-0.995616209262275;9.06382025133123E-02;-56.7293094686006;0.043946276674155;8.95639892530456E-02;0.99501106355435;-28.0504762338478;0;0;0;1;
-0.998721207991689;2.88500400075446E-02;4.15165497023004E-02;-243.079574385416;-2.45833000506562E-02;-0.994699200408395;9.98456912716819E-02;-57.0847727907044;4.41770309803626E-02;9.86973956012198E-02;0.994136416210218;-27.5269204965152;0;0;0;1;
-0.998663168905636;3.07938851903636E-02;4.15164028576277E-02;-243.079256832514;-2.60964781012808E-02;-0.993667388414773;0.109289043511573;-57.4444382474749;4.46189298623745E-02;0.108059510621915;0.993142634903008;-26.9881055919304;0;0;0;1;
-0.9985927373744;3.27827951278643E-02;4.16873266917703E-02;-243.083724472593;-2.76206358722368E-02;-0.992523940369894;0.118883675358025;-57.8050903668161;4.52730089249126E-02;0.117564944333859;0.992032680170699;-26.4355610209332;0;0;0;1;
-0.998511056662914;3.47931177021709E-02;4.20131965276829E-02;-243.092431393681;-2.91324577108987E-02;-0.991275951924031;0.128542938525726;-58.1630756966665;4.61190809712587E-02;0.127127597702736;0.990813607230289;-25.8757073316647;0;0;0;1;
-0.99842029812889;3.67915019365633E-02;4.24652053977187E-02;-243.104039193216;-3.06016740893242E-02;-0.989934272484829;0.138179859975553;-58.515267417421;0.047121606797194;0.136662070616483;0.989496353013828;-25.3127531287118;0;0;0;1;
-0.99832319466622;3.87449338884761E-02;4.30073143710502E-02;-243.118153698101;-3.20010010811104E-02;-0.988513133051895;0.147708231706068;-58.8585869099061;4.82362407453099E-02;0.146084276641616;0.988095465629135;-24.7520345109861;0;0;0;1;
-0.998222832842554;4.06230188639026E-02;4.35998432356156E-02;-243.133747668549;-3.33082801822622E-02;-0.987029919246778;0.15704297813974;-59.1899119382083;0.049413909611436;0.155311650722288;0.986628884985044;-24.2001318323364;0;0;0;1;
-0.998122563461047;4.23978474283693E-02;0.044201480104056;-243.149245521242;-3.45062382043096E-02;-0.98550510092091;0.166099414760724;-59.5075448462235;5.06030417557679E-02;0.1642623468489;0.985117867857829;-23.6580355905407;0;0;0;1;
-0.998025888074818;4.40448554609356E-02;4.47702740654567E-02;-243.164315067217;-0.035583118210444;-0.983961809571876;0.174794161808856;-59.8079912685935;5.17510234767621E-02;0.172856032615192;0.983586612128105;-23.1354557465256;0;0;0;1;
-0.997936447175614;4.55402999992177E-02;4.52650911243297E-02;-243.176873208698;-0.036529818178615;-0.982425718102496;0.183044477640362;-60.0889748496184;5.28054900777367E-02;0.181013230142929;0.982062009615927;-22.6372451812913;0;0;0;1;
-0.997857872354241;4.68630601842944E-02;4.56455931151098E-02;-243.186626807868;-3.73413781034478E-02;-0.980924573346511;0.190768453593097;-60.3491918827867;5.37148774735856E-02;0.188655333863449;0.980573238948967;-22.1662450994863;0;0;0;1;
-0.997793769488375;0.047992748795525;4.58725368083057E-02;-243.192662897683;-3.80146571515317E-02;-0.979487691965414;0.197885692079844;-60.5856873416033;5.44286635131824E-02;0.195705281868725;0.97915114422486;-21.7306357820271;0;0;0;1;
-0.997747577485042;4.89099404888208E-02;4.59084888022846E-02;-243.193376631387;-3.85480900336687E-02;-0.97814590468084;0.204315035939249;-60.7972588216026;5.48982365608009E-02;0.202085147592495;0.977828091611728;-21.3341009690994;0;0;0;1;
-0.997722515546075;0.049595816454859;4.57169220594212E-02;-243.188658394753;-3.89408719659054E-02;-0.976930607933764;0.209976655304112;-60.9815663923473;5.50762241166388E-02;0.207718179927379;0.976636968000245;-20.9831285253458;0;0;0;1;
-0.997721451187656;5.00316448455803E-02;4.52630130906491E-02;-243.176645065393;-3.91918120360968E-02;-0.975873561336647;0.214790116517164;-61.1373965561816;5.49172806075265E-02;0.212526767251034;0.97561081661311;-20.6819850938173;0;0;0;1;
-0.997746769471699;5.01996553189272E-02;4.45126792571447E-02;-243.157313834558;-3.92997248963892E-02;-0.975006105724933;0.218674702291258;-61.2616527879709;5.43775287398818E-02;0.216432641727081;0.974782024846161;-20.4385145902688;0;0;0;1;
-0.997800010093895;5.00850279462425E-02;4.34353523324883E-02;-243.12929449587;-3.92640320224426E-02;-0.974358196919232;0.221550084372912;-61.353233101484;5.34179337485445E-02;0.219357229358706;0.974181158862205;-20.2566864791897;0;0;0;1;
-0.997879801106211;4.97009707728791E-02;4.20204241823148E-02;-243.092430335675;-3.91043073517404E-02;-0.973954554119626;0.223345874500027;-61.4111150888475;5.20264902791729E-02;0.221229157241704;0.973833098788163;-20.1402615848419;0;0;0;1;
-0.997982560728716;4.90822732633664E-02;4.02708198656958E-02;-243.046896810632;-3.88539462649284E-02;-0.973810784682328;0.224015460395104;-61.4334655961047;5.02113467355453E-02;0.221998842536821;0.973753220570445;-20.0938742332419;0;0;0;1;
-0.998104298319753;4.82613338316677E-02;3.81923203330575E-02;-242.993037823028;-3.85387330877433E-02;-0.973932104787881;0.223541990049834;-61.4179563978505;0.047985161535898;0.221646337484373;0.973945750723385;-20.1208682730976;0;0;0;1;
-0.998240880547731;4.72662481124932E-02;3.57917056405347E-02;-242.930911762728;-3.81756688220671E-02;-0.974312797803673;0.221939609682381;-61.3686691432576;4.53625695180322E-02;0.22018281909665;0.974403285842866;-20.2160326771918;0;0;0;1;
-0.99838814421919;4.61194443322498E-02;3.30773387237729E-02;-242.860043031375;-3.77721553219671E-02;-0.974936830201123;0.219252004323155;-61.2836034885131;4.23600963749599E-02;0.21764919933662;0.975107403450118;-20.3800211025191;0;0;0;1;
-0.99854230790416;4.48257553133439E-02;3.00651124398694E-02;-242.781736833974;-3.73141360755423E-02;-0.975780830822688;0.215544486006767;-61.1653836080859;3.89989047842331E-02;0.214108434816505;0.976031077151776;-20.6069807454751;0;0;0;1;
-0.998699702819522;4.33689098651626E-02;2.67962916334785E-02;-242.696602920892;-3.67603080182749E-02;-0.976818538560088;0.210889123663919;-61.0171090015065;3.53211458279679E-02;0.209629865196831;0.977142638653619;-20.890921356835;0;0;0;1;
-0.998856307166798;4.17409421766727E-02;2.33189060487472E-02;-242.606103345334;-3.60760599327516E-02;-0.978021608360059;0.205358835895932;-60.8384348620712;3.13782652935938E-02;0.204282714214902;0.978408900787476;-21.2284593075783;0;0;0;1;
-0.99900802240369;3.99477445510205E-02;1.96760991651169E-02;-242.511615878268;-3.52421078661913E-02;-0.979360088542122;0.199027160970344;-60.6330069553587;2.72206724056706E-02;0.198136303276442;0.979796427998046;-21.6129724319153;0;0;0;1;
-0.999150915786839;3.80070533373006E-02;0.01590318769733;-242.41341153393;-3.42536129790248E-02;-0.980803156866309;0.191968376247148;-60.39890082493;0.022894049012879;0.191260637292934;0.981272251285084;-22.041846946403;0;0;0;1;
-0.999281368057488;3.59456320264287E-02;1.20274266314499E-02;-242.312569418469;-3.31177417802415E-02;-0.982319663296253;0.184258769888747;-60.1411760415904;1.84380756189896E-02;0.183728034441555;0.98280417516803;-22.5074775489402;0;0;0;1;
-0.999396233048079;3.37941210561365E-02;8.07011470507607E-03;-242.209626223205;-3.18483879818504E-02;-0.983878809636377;0.17597774896692;-59.8606630307786;1.38870282014338E-02;0.175614479273635;0.984361064405324;-23.0053045161922;0;0;0;1;
-0.999492946296978;3.15822214708526E-02;4.0513688491744E-03;-242.105426695001;-0.030460762098345;-0.985451105344228;0.167207239520984;-59.5586771324288;9.27320198065767E-03;0.166999048688325;0.985913447246877;-23.5300255538696;0;0;0;1;
-0.999569510350348;2.93392887810424E-02;-1.05729652867537E-05;-241.99954319696;-2.89722867611533E-02;-0.987009053063922;0.15803080639448;-59.2405905833148;4.6260758526529E-03;0.157963082090983;0.987434182170398;-24.0749908010957;0;0;0;1;
-0.99962452268687;2.70927765240187E-02;-4.09818292258118E-03;-241.893459707412;-0.027400965591346;-0.988527652215914;0.14853372643664;-58.9032699575146;-2.6976086182906E-05;0.148590249561377;0.988898850746414;-24.6368655385295;0;0;0;1;
-0.999657110578737;2.48697105870307E-02;-8.19504513034255E-03;-241.786861256975;-2.57669654994379E-02;-0.989984760665666;0.138802871507378;-58.5540889953681;-4.66098254896918E-03;0.138966438916237;0.990286122338699;-25.2083526422575;0;0;0;1;
-0.999666934134306;2.26953120272977E-02;-1.22859110569885E-02;-241.680424536969;-2.40912629458366E-02;-0.991361451174189;0.128926662003953;-58.1954912362799;-9.25374779163538E-03;0.129179704047465;0.991578021243925;-25.7841900975727;0;0;0;1;
-0.999654101841921;0.020594384208786;-1.63568948667803E-02;-241.574559450296;-2.23969903472132E-02;-0.992642218810129;0.11899495896504;-57.8282406124927;-0.01378591650957;0.119320144044355;0.992760117919342;-26.3597990955045;0;0;0;1;
-0.999619154158045;1.85899767091675E-02;-2.03950828953084E-02;-241.469725238277;-0.020707969272094;-0.993815175492513;0.109098932026906;-57.4557769422318;-1.82407962814101E-02;0.10947972290218;0.993821645781718;-26.9295577337766;0;0;0;1;
-0.999562968185965;1.67044929196491E-02;-2.43891891534279E-02;-241.365602970486;-1.90497626008876E-02;-0.994872077079759;9.93310464651209E-02;-57.0847427773388;-0.022604848508984;9.97522439010951E-02;0.994755502955668;-27.4876437672433;0;0;0;1;
-0.999486728113413;1.49590087367955E-02;-2.83285789046351E-02;-241.263794633887;-1.74487398309318E-02;-0.995808321930559;8.97848954566209E-02;-56.716027690758;-2.68667415861342E-02;9.02331093970299E-02;0.99555821736606;-28.0292137813569;0;0;0;1;
-0.999391841258234;1.33734832300582E-02;-3.22039993288397E-02;-241.162871911573;-0.015932205887879;-0.996622813367615;8.05551530987742E-02;-56.3553103232916;-3.10179374237358E-02;0.081019243525943;0.996229777579681;-28.5491670164593;0;0;0;1;
-0.999279793683885;1.19601118407665E-02;-3.60117988977178E-02;-241.063688145635;-1.45218348790735E-02;-0.997317935147675;0.071735991974209;-56.0040170635057;-3.50572424306054E-02;7.22072846569874E-02;0.996773343240893;-29.0427770050694;0;0;0;1;
-0.99915170802768;1.07044805212886E-02;-3.97652919282385E-02;-240.966279049361;-1.32148092068243E-02;-0.997899935081636;6.34120523378149E-02;-55.6720986563741;-3.90029891546262E-02;6.38837511487538E-02;0.997194882245275;-29.5047180456649;0;0;0;1;
-0.999008078778081;9.5843603883641E-03;-4.34856133919341E-02;-240.8696249226;-1.20005779622567E-02;-0.998378368147286;5.56472833490951E-02;-55.3557830095742;-4.28817521178719E-02;5.61139381215454E-02;0.997503073320475;-29.9330006736363;0;0;0;1;
-0.998848786930365;8.58098969172602E-03;-0.047196053475359;-240.772698207934;-1.08710123567101E-02;-0.998764950465004;4.84808705880904E-02;-55.0632683776075;-4.67217501606984E-02;4.89381276567606E-02;0.997708443245507;-30.3254743019089;0;0;0;1;
-0.998673121027357;7.67937290552132E-03;-5.09217494716668E-02;-240.676040255168;-9.8202534077039E-03;-0.999072433266428;4.19265513738808E-02;-54.7918368511091;-5.05525465281991E-02;4.23709843982428E-02;0.997822198450524;-30.6817950069437;0;0;0;1;
-0.9984797604884;6.86820338191634E-03;-5.46899961357805E-02;-240.577910767965;-8.84437182129168E-03;-0.999313575818779;3.59743557464442E-02;-54.5444663946382;-0.054405376408162;0.036403364770164;0.997855124780795;-31.0031519173583;0;0;0;1;
-0.998266784074395;6.13806405996345E-03;-0.058529923828418;-240.478406420344;-7.93979270724911E-03;-0.999500164668401;3.06003352858397E-02;-54.3190426820001;-5.83128416862919E-02;3.10120137597621E-02;0.997816550021613;-31.2909856182814;0;0;0;1;
-0.998031599262507;0.00547951186802;-6.24732088435527E-02;-240.3755913801;-7.1019209378662E-03;-0.999642483673137;2.57772681794419E-02;-54.1156682278979;-6.23096268044852E-02;2.61702079756886E-02;0.99771370173111;-31.5474794719698;0;0;0;1;
-0.99777090455787;4.88195667492685E-03;-6.65536514159275E-02;-240.269461828988;-6.32424872271603E-03;-0.99974932500566;2.14776867660525E-02;-53.9321559078271;-0.066432114943466;2.18507127973341E-02;0.997551663050283;-31.7741013043167;0;0;0;1;
-0.997480806794509;4.33609834258117E-03;-7.08042253523027E-02;-240.159126419329;-5.60084894353585E-03;-0.999828117232289;1.76738926908495E-02;-53.7700542787752;-7.07154195892797E-02;1.80259325112304E-02;0.997333642864519;-31.9723818028117;0;0;0;1;
-0.997157759313652;3.84277825899896E-03;-7.52438442387804E-02;-240.043808501844;-4.93516167474326E-03;-0.99988503549742;1.43373626433309E-02;-53.6266336034751;-7.51800985621981E-02;1.46679529442387E-02;0.997062086299847;-32.1441973441706;0;0;0;1;
-0.99679853727918;3.40529610095222E-03;-7.98816627052334E-02;-239.923034984837;-4.33267938727656E-03;-0.999925185671006;1.14390100153443E-02;-53.5020076943547;-7.98367331960352E-02;1.17484900846415E-02;0.996738716521695;-32.2913022246712;0;0;0;1;
-0.996399810214395;3.02443965211399E-03;-8.47246774529561E-02;-239.797322709555;-3.79620889446168E-03;-0.999952746340028;8.94951870576036E-03;-53.3929290970427;-8.46936066226155E-02;9.23893131405711E-03;0.996364208081276;-32.4149693942886;0;0;0;1;
-0.995958336228209;2.69770019042224E-03;-8.97759149840386E-02;-239.665564744243;-3.32507990865285E-03;-0.999971082389921;6.83946105563918E-03;-53.3032808638836;-8.97548680637424E-02;7.11033034486638E-03;0.995938505562089;-32.5172761089575;0;0;0;1;
-0.995471005646552;2.41872767405836E-03;-9.50348708289837E-02;-239.529038499403;-2.91460672711954E-03;-0.999982852225601;5.0794017736572E-03;-53.2256961961775;-9.50209555028212E-02;5.3333864655345E-03;0.995460985174276;-32.599106468409;0;0;0;1;
